2000
999990000
999989999
999989998
999989997
999989996
999989995
999989994
999989993
999989992
999989991
999989990
999989989
999989988
999989987
999989986
999989985
999989984
999989983
999989982
999989981
999989980
999989979
999989978
999989977
999989976
999989975
999989974
999989973
999989972
999989971
999989970
999989969
999989968
999989967
999989966
999989965
999989964
999989963
999989962
999989961
999989960
999989959
999989958
999989957
999989956
999989955
999989954
999989953
999989952
999989951
999989950
999989949
999989948
999989947
999989946
999989945
999989944
999989943
999989942
999989941
999989940
999989939
999989938
999989937
999989936
999989935
999989934
999989933
999989932
999989931
999989930
999989929
999989928
999989927
999989926
999989925
999989924
999989923
999989922
999989921
999989920
999989919
999989918
999989917
999989916
999989915
999989914
999989913
999989912
999989911
999989910
999989909
999989908
999989907
999989906
999989905
999989904
999989903
999989902
999989901
999989900
999989899
999989898
999989897
999989896
999989895
999989894
999989893
999989892
999989891
999989890
999989889
999989888
999989887
999989886
999989885
999989884
999989883
999989882
999989881
999989880
999989879
999989878
999989877
999989876
999989875
999989874
999989873
999989872
999989871
999989870
999989869
999989868
999989867
999989866
999989865
999989864
999989863
999989862
999989861
999989860
999989859
999989858
999989857
999989856
999989855
999989854
999989853
999989852
999989851
999989850
999989849
999989848
999989847
999989846
999989845
999989844
999989843
999989842
999989841
999989840
999989839
999989838
999989837
999989836
999989835
999989834
999989833
999989832
999989831
999989830
999989829
999989828
999989827
999989826
999989825
999989824
999989823
999989822
999989821
999989820
999989819
999989818
999989817
999989816
999989815
999989814
999989813
999989812
999989811
999989810
999989809
999989808
999989807
999989806
999989805
999989804
999989803
999989802
999989801
999989800
999989799
999989798
999989797
999989796
999989795
999989794
999989793
999989792
999989791
999989790
999989789
999989788
999989787
999989786
999989785
999989784
999989783
999989782
999989781
999989780
999989779
999989778
999989777
999989776
999989775
999989774
999989773
999989772
999989771
999989770
999989769
999989768
999989767
999989766
999989765
999989764
999989763
999989762
999989761
999989760
999989759
999989758
999989757
999989756
999989755
999989754
999989753
999989752
999989751
999989750
999989749
999989748
999989747
999989746
999989745
999989744
999989743
999989742
999989741
999989740
999989739
999989738
999989737
999989736
999989735
999989734
999989733
999989732
999989731
999989730
999989729
999989728
999989727
999989726
999989725
999989724
999989723
999989722
999989721
999989720
999989719
999989718
999989717
999989716
999989715
999989714
999989713
999989712
999989711
999989710
999989709
999989708
999989707
999989706
999989705
999989704
999989703
999989702
999989701
999989700
999989699
999989698
999989697
999989696
999989695
999989694
999989693
999989692
999989691
999989690
999989689
999989688
999989687
999989686
999989685
999989684
999989683
999989682
999989681
999989680
999989679
999989678
999989677
999989676
999989675
999989674
999989673
999989672
999989671
999989670
999989669
999989668
999989667
999989666
999989665
999989664
999989663
999989662
999989661
999989660
999989659
999989658
999989657
999989656
999989655
999989654
999989653
999989652
999989651
999989650
999989649
999989648
999989647
999989646
999989645
999989644
999989643
999989642
999989641
999989640
999989639
999989638
999989637
999989636
999989635
999989634
999989633
999989632
999989631
999989630
999989629
999989628
999989627
999989626
999989625
999989624
999989623
999989622
999989621
999989620
999989619
999989618
999989617
999989616
999989615
999989614
999989613
999989612
999989611
999989610
999989609
999989608
999989607
999989606
999989605
999989604
999989603
999989602
999989601
999989600
999989599
999989598
999989597
999989596
999989595
999989594
999989593
999989592
999989591
999989590
999989589
999989588
999989587
999989586
999989585
999989584
999989583
999989582
999989581
999989580
999989579
999989578
999989577
999989576
999989575
999989574
999989573
999989572
999989571
999989570
999989569
999989568
999989567
999989566
999989565
999989564
999989563
999989562
999989561
999989560
999989559
999989558
999989557
999989556
999989555
999989554
999989553
999989552
999989551
999989550
999989549
999989548
999989547
999989546
999989545
999989544
999989543
999989542
999989541
999989540
999989539
999989538
999989537
999989536
999989535
999989534
999989533
999989532
999989531
999989530
999989529
999989528
999989527
999989526
999989525
999989524
999989523
999989522
999989521
999989520
999989519
999989518
999989517
999989516
999989515
999989514
999989513
999989512
999989511
999989510
999989509
999989508
999989507
999989506
999989505
999989504
999989503
999989502
999989501
999989500
999989499
999989498
999989497
999989496
999989495
999989494
999989493
999989492
999989491
999989490
999989489
999989488
999989487
999989486
999989485
999989484
999989483
999989482
999989481
999989480
999989479
999989478
999989477
999989476
999989475
999989474
999989473
999989472
999989471
999989470
999989469
999989468
999989467
999989466
999989465
999989464
999989463
999989462
999989461
999989460
999989459
999989458
999989457
999989456
999989455
999989454
999989453
999989452
999989451
999989450
999989449
999989448
999989447
999989446
999989445
999989444
999989443
999989442
999989441
999989440
999989439
999989438
999989437
999989436
999989435
999989434
999989433
999989432
999989431
999989430
999989429
999989428
999989427
999989426
999989425
999989424
999989423
999989422
999989421
999989420
999989419
999989418
999989417
999989416
999989415
999989414
999989413
999989412
999989411
999989410
999989409
999989408
999989407
999989406
999989405
999989404
999989403
999989402
999989401
999989400
999989399
999989398
999989397
999989396
999989395
999989394
999989393
999989392
999989391
999989390
999989389
999989388
999989387
999989386
999989385
999989384
999989383
999989382
999989381
999989380
999989379
999989378
999989377
999989376
999989375
999989374
999989373
999989372
999989371
999989370
999989369
999989368
999989367
999989366
999989365
999989364
999989363
999989362
999989361
999989360
999989359
999989358
999989357
999989356
999989355
999989354
999989353
999989352
999989351
999989350
999989349
999989348
999989347
999989346
999989345
999989344
999989343
999989342
999989341
999989340
999989339
999989338
999989337
999989336
999989335
999989334
999989333
999989332
999989331
999989330
999989329
999989328
999989327
999989326
999989325
999989324
999989323
999989322
999989321
999989320
999989319
999989318
999989317
999989316
999989315
999989314
999989313
999989312
999989311
999989310
999989309
999989308
999989307
999989306
999989305
999989304
999989303
999989302
999989301
999989300
999989299
999989298
999989297
999989296
999989295
999989294
999989293
999989292
999989291
999989290
999989289
999989288
999989287
999989286
999989285
999989284
999989283
999989282
999989281
999989280
999989279
999989278
999989277
999989276
999989275
999989274
999989273
999989272
999989271
999989270
999989269
999989268
999989267
999989266
999989265
999989264
999989263
999989262
999989261
999989260
999989259
999989258
999989257
999989256
999989255
999989254
999989253
999989252
999989251
999989250
999989249
999989248
999989247
999989246
999989245
999989244
999989243
999989242
999989241
999989240
999989239
999989238
999989237
999989236
999989235
999989234
999989233
999989232
999989231
999989230
999989229
999989228
999989227
999989226
999989225
999989224
999989223
999989222
999989221
999989220
999989219
999989218
999989217
999989216
999989215
999989214
999989213
999989212
999989211
999989210
999989209
999989208
999989207
999989206
999989205
999989204
999989203
999989202
999989201
999989200
999989199
999989198
999989197
999989196
999989195
999989194
999989193
999989192
999989191
999989190
999989189
999989188
999989187
999989186
999989185
999989184
999989183
999989182
999989181
999989180
999989179
999989178
999989177
999989176
999989175
999989174
999989173
999989172
999989171
999989170
999989169
999989168
999989167
999989166
999989165
999989164
999989163
999989162
999989161
999989160
999989159
999989158
999989157
999989156
999989155
999989154
999989153
999989152
999989151
999989150
999989149
999989148
999989147
999989146
999989145
999989144
999989143
999989142
999989141
999989140
999989139
999989138
999989137
999989136
999989135
999989134
999989133
999989132
999989131
999989130
999989129
999989128
999989127
999989126
999989125
999989124
999989123
999989122
999989121
999989120
999989119
999989118
999989117
999989116
999989115
999989114
999989113
999989112
999989111
999989110
999989109
999989108
999989107
999989106
999989105
999989104
999989103
999989102
999989101
999989100
999989099
999989098
999989097
999989096
999989095
999989094
999989093
999989092
999989091
999989090
999989089
999989088
999989087
999989086
999989085
999989084
999989083
999989082
999989081
999989080
999989079
999989078
999989077
999989076
999989075
999989074
999989073
999989072
999989071
999989070
999989069
999989068
999989067
999989066
999989065
999989064
999989063
999989062
999989061
999989060
999989059
999989058
999989057
999989056
999989055
999989054
999989053
999989052
999989051
999989050
999989049
999989048
999989047
999989046
999989045
999989044
999989043
999989042
999989041
999989040
999989039
999989038
999989037
999989036
999989035
999989034
999989033
999989032
999989031
999989030
999989029
999989028
999989027
999989026
999989025
999989024
999989023
999989022
999989021
999989020
999989019
999989018
999989017
999989016
999989015
999989014
999989013
999989012
999989011
999989010
999989009
999989008
999989007
999989006
999989005
999989004
999989003
999989002
999989001
999989000
999988999
999988998
999988997
999988996
999988995
999988994
999988993
999988992
999988991
999988990
999988989
999988988
999988987
999988986
999988985
999988984
999988983
999988982
999988981
999988980
999988979
999988978
999988977
999988976
999988975
999988974
999988973
999988972
999988971
999988970
999988969
999988968
999988967
999988966
999988965
999988964
999988963
999988962
999988961
999988960
999988959
999988958
999988957
999988956
999988955
999988954
999988953
999988952
999988951
999988950
999988949
999988948
999988947
999988946
999988945
999988944
999988943
999988942
999988941
999988940
999988939
999988938
999988937
999988936
999988935
999988934
999988933
999988932
999988931
999988930
999988929
999988928
999988927
999988926
999988925
999988924
999988923
999988922
999988921
999988920
999988919
999988918
999988917
999988916
999988915
999988914
999988913
999988912
999988911
999988910
999988909
999988908
999988907
999988906
999988905
999988904
999988903
999988902
999988901
999988900
999988899
999988898
999988897
999988896
999988895
999988894
999988893
999988892
999988891
999988890
999988889
999988888
999988887
999988886
999988885
999988884
999988883
999988882
999988881
999988880
999988879
999988878
999988877
999988876
999988875
999988874
999988873
999988872
999988871
999988870
999988869
999988868
999988867
999988866
999988865
999988864
999988863
999988862
999988861
999988860
999988859
999988858
999988857
999988856
999988855
999988854
999988853
999988852
999988851
999988850
999988849
999988848
999988847
999988846
999988845
999988844
999988843
999988842
999988841
999988840
999988839
999988838
999988837
999988836
999988835
999988834
999988833
999988832
999988831
999988830
999988829
999988828
999988827
999988826
999988825
999988824
999988823
999988822
999988821
999988820
999988819
999988818
999988817
999988816
999988815
999988814
999988813
999988812
999988811
999988810
999988809
999988808
999988807
999988806
999988805
999988804
999988803
999988802
999988801
999988800
999988799
999988798
999988797
999988796
999988795
999988794
999988793
999988792
999988791
999988790
999988789
999988788
999988787
999988786
999988785
999988784
999988783
999988782
999988781
999988780
999988779
999988778
999988777
999988776
999988775
999988774
999988773
999988772
999988771
999988770
999988769
999988768
999988767
999988766
999988765
999988764
999988763
999988762
999988761
999988760
999988759
999988758
999988757
999988756
999988755
999988754
999988753
999988752
999988751
999988750
999988749
999988748
999988747
999988746
999988745
999988744
999988743
999988742
999988741
999988740
999988739
999988738
999988737
999988736
999988735
999988734
999988733
999988732
999988731
999988730
999988729
999988728
999988727
999988726
999988725
999988724
999988723
999988722
999988721
999988720
999988719
999988718
999988717
999988716
999988715
999988714
999988713
999988712
999988711
999988710
999988709
999988708
999988707
999988706
999988705
999988704
999988703
999988702
999988701
999988700
999988699
999988698
999988697
999988696
999988695
999988694
999988693
999988692
999988691
999988690
999988689
999988688
999988687
999988686
999988685
999988684
999988683
999988682
999988681
999988680
999988679
999988678
999988677
999988676
999988675
999988674
999988673
999988672
999988671
999988670
999988669
999988668
999988667
999988666
999988665
999988664
999988663
999988662
999988661
999988660
999988659
999988658
999988657
999988656
999988655
999988654
999988653
999988652
999988651
999988650
999988649
999988648
999988647
999988646
999988645
999988644
999988643
999988642
999988641
999988640
999988639
999988638
999988637
999988636
999988635
999988634
999988633
999988632
999988631
999988630
999988629
999988628
999988627
999988626
999988625
999988624
999988623
999988622
999988621
999988620
999988619
999988618
999988617
999988616
999988615
999988614
999988613
999988612
999988611
999988610
999988609
999988608
999988607
999988606
999988605
999988604
999988603
999988602
999988601
999988600
999988599
999988598
999988597
999988596
999988595
999988594
999988593
999988592
999988591
999988590
999988589
999988588
999988587
999988586
999988585
999988584
999988583
999988582
999988581
999988580
999988579
999988578
999988577
999988576
999988575
999988574
999988573
999988572
999988571
999988570
999988569
999988568
999988567
999988566
999988565
999988564
999988563
999988562
999988561
999988560
999988559
999988558
999988557
999988556
999988555
999988554
999988553
999988552
999988551
999988550
999988549
999988548
999988547
999988546
999988545
999988544
999988543
999988542
999988541
999988540
999988539
999988538
999988537
999988536
999988535
999988534
999988533
999988532
999988531
999988530
999988529
999988528
999988527
999988526
999988525
999988524
999988523
999988522
999988521
999988520
999988519
999988518
999988517
999988516
999988515
999988514
999988513
999988512
999988511
999988510
999988509
999988508
999988507
999988506
999988505
999988504
999988503
999988502
999988501
999988500
999988499
999988498
999988497
999988496
999988495
999988494
999988493
999988492
999988491
999988490
999988489
999988488
999988487
999988486
999988485
999988484
999988483
999988482
999988481
999988480
999988479
999988478
999988477
999988476
999988475
999988474
999988473
999988472
999988471
999988470
999988469
999988468
999988467
999988466
999988465
999988464
999988463
999988462
999988461
999988460
999988459
999988458
999988457
999988456
999988455
999988454
999988453
999988452
999988451
999988450
999988449
999988448
999988447
999988446
999988445
999988444
999988443
999988442
999988441
999988440
999988439
999988438
999988437
999988436
999988435
999988434
999988433
999988432
999988431
999988430
999988429
999988428
999988427
999988426
999988425
999988424
999988423
999988422
999988421
999988420
999988419
999988418
999988417
999988416
999988415
999988414
999988413
999988412
999988411
999988410
999988409
999988408
999988407
999988406
999988405
999988404
999988403
999988402
999988401
999988400
999988399
999988398
999988397
999988396
999988395
999988394
999988393
999988392
999988391
999988390
999988389
999988388
999988387
999988386
999988385
999988384
999988383
999988382
999988381
999988380
999988379
999988378
999988377
999988376
999988375
999988374
999988373
999988372
999988371
999988370
999988369
999988368
999988367
999988366
999988365
999988364
999988363
999988362
999988361
999988360
999988359
999988358
999988357
999988356
999988355
999988354
999988353
999988352
999988351
999988350
999988349
999988348
999988347
999988346
999988345
999988344
999988343
999988342
999988341
999988340
999988339
999988338
999988337
999988336
999988335
999988334
999988333
999988332
999988331
999988330
999988329
999988328
999988327
999988326
999988325
999988324
999988323
999988322
999988321
999988320
999988319
999988318
999988317
999988316
999988315
999988314
999988313
999988312
999988311
999988310
999988309
999988308
999988307
999988306
999988305
999988304
999988303
999988302
999988301
999988300
999988299
999988298
999988297
999988296
999988295
999988294
999988293
999988292
999988291
999988290
999988289
999988288
999988287
999988286
999988285
999988284
999988283
999988282
999988281
999988280
999988279
999988278
999988277
999988276
999988275
999988274
999988273
999988272
999988271
999988270
999988269
999988268
999988267
999988266
999988265
999988264
999988263
999988262
999988261
999988260
999988259
999988258
999988257
999988256
999988255
999988254
999988253
999988252
999988251
999988250
999988249
999988248
999988247
999988246
999988245
999988244
999988243
999988242
999988241
999988240
999988239
999988238
999988237
999988236
999988235
999988234
999988233
999988232
999988231
999988230
999988229
999988228
999988227
999988226
999988225
999988224
999988223
999988222
999988221
999988220
999988219
999988218
999988217
999988216
999988215
999988214
999988213
999988212
999988211
999988210
999988209
999988208
999988207
999988206
999988205
999988204
999988203
999988202
999988201
999988200
999988199
999988198
999988197
999988196
999988195
999988194
999988193
999988192
999988191
999988190
999988189
999988188
999988187
999988186
999988185
999988184
999988183
999988182
999988181
999988180
999988179
999988178
999988177
999988176
999988175
999988174
999988173
999988172
999988171
999988170
999988169
999988168
999988167
999988166
999988165
999988164
999988163
999988162
999988161
999988160
999988159
999988158
999988157
999988156
999988155
999988154
999988153
999988152
999988151
999988150
999988149
999988148
999988147
999988146
999988145
999988144
999988143
999988142
999988141
999988140
999988139
999988138
999988137
999988136
999988135
999988134
999988133
999988132
999988131
999988130
999988129
999988128
999988127
999988126
999988125
999988124
999988123
999988122
999988121
999988120
999988119
999988118
999988117
999988116
999988115
999988114
999988113
999988112
999988111
999988110
999988109
999988108
999988107
999988106
999988105
999988104
999988103
999988102
999988101
999988100
999988099
999988098
999988097
999988096
999988095
999988094
999988093
999988092
999988091
999988090
999988089
999988088
999988087
999988086
999988085
999988084
999988083
999988082
999988081
999988080
999988079
999988078
999988077
999988076
999988075
999988074
999988073
999988072
999988071
999988070
999988069
999988068
999988067
999988066
999988065
999988064
999988063
999988062
999988061
999988060
999988059
999988058
999988057
999988056
999988055
999988054
999988053
999988052
999988051
999988050
999988049
999988048
999988047
999988046
999988045
999988044
999988043
999988042
999988041
999988040
999988039
999988038
999988037
999988036
999988035
999988034
999988033
999988032
999988031
999988030
999988029
999988028
999988027
999988026
999988025
999988024
999988023
999988022
999988021
999988020
999988019
999988018
999988017
999988016
999988015
999988014
999988013
999988012
999988011
999988010
999988009
999988008
999988007
999988006
999988005
999988004
999988003
999988002
999988001
